<?xml version="1.0"?>
<opencv_storage>
<calibration_Time>"mié 19 dic 2018 11:19:54 -05"</calibration_Time>
<nrOfFrames>18</nrOfFrames>
<image_Width>640</image_Width>
<image_Height>480</image_Height>
<board_Width>9</board_Width>
<board_Height>6</board_Height>
<square_Size>20.</square_Size>
<FixAspectRatio>1.</FixAspectRatio>
<!-- flags:  +fix_aspectRatio +fix_principal_point +zero_tangent_dist -->
<flagValue>14</flagValue>
<Camera_Matrix type_id="opencv-matrix">
  <rows>3</rows>
  <cols>3</cols>
  <dt>d</dt>
  <data>
    1.0979543600819159e+03 0. 3.1950000000000000e+02 0.
    1.0979543600819159e+03 2.3950000000000000e+02 0. 0. 1.</data></Camera_Matrix>
<Distortion_Coefficients type_id="opencv-matrix">
  <rows>5</rows>
  <cols>1</cols>
  <dt>d</dt>
  <data>
    -4.0372660347516840e+00 1.9741185487457165e+02 0. 0.
    -2.9715189244441813e+03</data></Distortion_Coefficients>
<Avg_Reprojection_Error>3.1822889795498974e+00</Avg_Reprojection_Error>
<Per_View_Reprojection_Errors type_id="opencv-matrix">
  <rows>18</rows>
  <cols>1</cols>
  <dt>f</dt>
  <data>
    2.33605742e+00 1.88451016e+00 1.93769455e+00 1.99471438e+00
    2.13130713e+00 2.99845028e+00 3.13417578e+00 3.42767406e+00
    4.03647947e+00 4.83769321e+00 6.30807972e+00 4.18943453e+00
    2.76932240e+00 2.02740526e+00 1.81024671e+00 2.04927731e+00
    2.59340811e+00 2.72333908e+00</data></Per_View_Reprojection_Errors>
<!-- a set of 6-tuples (rotation vector + translation vector) for each view -->
<Extrinsic_Parameters type_id="opencv-matrix">
  <rows>18</rows>
  <cols>6</cols>
  <dt>d</dt>
  <data>
    -1.6945371056603140e-01 7.2390340661856512e-01
    2.9477466672078154e-02 -5.9598778266811159e+01
    -7.2425677724456179e+01 6.2923113956443331e+02
    -1.9993760110069236e-01 8.0317442515159532e-01
    4.1662699591269170e-02 -5.5542850153196561e+01
    -7.1165187809626488e+01 6.3497276949636421e+02
    -2.1213873138644532e-01 8.5044210130489728e-01
    4.8329922108510344e-02 -5.3217429569482071e+01
    -7.0504101501006446e+01 6.3633460587406944e+02
    -2.2197776421082838e-01 8.9893445178135079e-01
    5.4188669716920906e-02 -5.0460557603545602e+01
    -6.9891584887469037e+01 6.3323734286349986e+02
    -2.2796981807703395e-01 9.4140813012096369e-01
    5.9608376992306394e-02 -4.7890927189566298e+01
    -6.9507424471292879e+01 6.3287729348501068e+02
    -2.1317332592655511e-01 -8.0424430988575735e-01
    -6.7704334541607028e-02 -2.8142840811964941e+01
    -7.1891806066528119e+01 5.1373304905287694e+02
    -1.9418887000196799e-01 -7.3101264264108867e-01
    -5.9758174210495653e-02 -3.2179262774349148e+01
    -7.1611494639543594e+01 5.1801002621999123e+02
    -1.5475500562361080e-01 -6.6344229640242802e-01
    -4.8110537925066518e-02 -3.5631148626387350e+01
    -7.1367506504147087e+01 5.2264482880529772e+02
    -1.1398808520426823e-01 -5.9387981189290218e-01
    -4.3148493577218526e-02 -3.9433715965259204e+01
    -7.0946525596444872e+01 5.3159282825797595e+02
    -6.0001113401783893e-02 -5.4568427436456690e-01
    -3.4590579006653389e-02 -4.1929918145516297e+01
    -7.0567787318285340e+01 5.3860300213030121e+02
    9.0173615370625505e-03 -5.1174902177702652e-01
    -2.5444230841775987e-02 -4.3741302261628149e+01
    -6.9923899514739645e+01 5.3337267207985678e+02
    -4.2607101455409337e-02 6.2854626990515727e-01
    8.7670571307805079e-03 -4.3224655782779244e+01
    -7.1346722856053944e+01 6.0257684228902235e+02
    -1.0236615580536010e-01 6.8033179606681760e-01
    2.1275613028253655e-02 -4.1958282518271666e+01
    -7.0133786446265688e+01 6.0457287971308926e+02
    -1.4185420067155124e-01 7.3683318031751277e-01
    3.2819714604394701e-02 -4.0257969834261054e+01
    -6.9143275866207105e+01 6.0454755147651542e+02
    -1.7010297760908361e-01 7.9810300267303980e-01
    4.4645426044607958e-02 -3.7911551117770536e+01
    -6.8352165221676074e+01 6.0325650445885992e+02
    -1.9405792052921431e-01 8.7309260979935333e-01
    5.7321067352268440e-02 -3.4879058680455131e+01
    -6.7492809776311063e+01 6.0257996631616857e+02
    -2.1157047391215233e-01 9.5681949492848117e-01
    7.0027676030684549e-02 -3.1156558265208567e+01
    -6.6677457248689734e+01 6.0277021850353901e+02
    -2.4557583580361128e-01 -9.1345507787664881e-01
    -9.0722920420684805e-02 -3.5698592229197260e+01
    -7.7251253568384016e+01 4.8122784083953843e+02</data></Extrinsic_Parameters>
